Digite quatro numeros.
2 5 3.0 2.0
a = 2  b = 5  c = 3.000000  d = 2.000000
a = 2  b = 4  c = 3.000000  d = 4.066667
a = 3  b = 4  c = 2.000000  d = 4.066667
a = 4  b = 4  c = 1.333333  d = 4.066667
